37,4
37,3
37,2
37,1
37,0
0,446
0,445
36,4
0,444
0,443
0,442
36,3
36,2
0,441
36,1
36,0
0,440
0,439
0,438
0,437
35,4
0,436
0,435
0,434
35,3
35,2
0,433
35,1
35,0
0,432
0,431
34,3
34,2
0,430
34,1
34,0
0,429
0,428
0,427
0,426
0,425
0,424
0,423
0,422
0,421
0,420
0,419
0,418
0,417
0,416
0,415
0,414
33,4
0,413
0,412
0,411
33,3
33,2
0,410
33,1
33,0
0,409
0,408
0,407
0,406
0,405
0,404
32,4
0,403
0,402
0,401
32,3
32,2
0,400
32,1
32,0
0,399
0,398
0,397
0,396
31,4
31,3
31,2
31,1
31,0
30,3
30,2
30,1
30,0
0,395
0,394
0,393
0,392
0,391
0,390
0,389
0,278
0,388
0,387
0,386
0,385
25,35
29,4
29,3
29,2
29,1
29,0
0,384
0,319
0,318
28,4
28,3
28,2
